((("Intent" .
   [0 0 0 0 0 1])
  ("View" .
   [0 0 1 0])
  ("view" .
   [0 0 0 1])
  ("android" .
   [0 0 0 0 0 1 0])
  ("/tr" .
   [1 0 0])
  ("/td" .
   [2 0 0])
  ("is" .
   [1 0])
  ("width=" .
   [1 0 0 0 2 1])
  ("harvard" .
   [0 0 0 0 0 1 0])
  ("class=" .
   [6 0 0 0 0 2])
  ("%=" .
   [3 0])
  ("/div" .
   [1 0 0 0])
  ("div" .
   [1 0 0])
  ("noscript" .
   [1 0 0 0 0 0 0 0])
  ("src=" .
   [1 0 0 0])
  ("height=" .
   [0 0 0 0 0 0 1])
  ("/script" .
   [1 0 0 0 0 0 1])
  ("script" .
   [3 0 0 0 0 0])
  ("document.body.clientWidth" .
   [0 0 0 0 0 0 0 0 0 0 0 0 1 1 0 0 0 0 0 0 0 0 0 0 0])
  ("document.write" .
   [1 0 0 0 0 0 0 0 0 0 0 0 0 1])
  ("style=" .
   [2 0 0 0 0 0])
  ("id=" .
   [9 0 1])
  ("This" .
   [3 0 0 0])
  ("would" .
   [3 0 0 0 0])
  ("define" .
   [3 0 0 0 0 0])
  ("paragraph." .
   [0 0 0 0 0 0 0 0 0 1])
  ("macro" .
   [1 0 0 0 0])
  ("this" .
   [3 0 0 0])
  ("text" .
   [2 0 0 0])
  ("in" .
   [1 0])
  ("need" .
   [1 0 0 0])
  ("each" .
   [1 0 0 0])
  ("not" .
   [2 0 0])
  ("interpreted" .
   [1 0 0 0 0 0 0 0 0 0 0])
  ("that" .
   [1 0 0 0])
  ("the" .
   [1 0 0])
  ("backslash" .
   [1 0 0 0 0 0 0 0 0])
  ("into" .
   [1 0 0 0])
  ("HTML" .
   [1 0 0 1])
  ("code." .
   [1 0 0 0 0])))
